470288543 470508458
278199953 278343910
240364204 240564859
372820944 373048914
341591505 341808209
373915020 374158169
378134644 378344815
427136425 427301624
507893973 508096600
289640527 289857921
484556102 484687531
4527198 152585174
357532618 357745248
274490787 274674986
299724108 299922209
299009540 299212119
178109582 178328400
561862841 561991980
285959133 286197178
264032830 264262250
180866934 180986174
261589842 261872026
281328530 281590906
331357030 331557608
240697827 240911020
334847286 334950396
207704218 207797128
385204965 385411771
250189688 176452379
309319225 309462180
301809621 301992762
343905447 344133735
348913556 349133012
312001608 312141097
252802166 252930816
280841926 281079693
375373623 375515390
352383195 352484646
350752207 350883101
407978489 408104284
253111840 253314295
283355603 283555090
278549793 278670396
131621317 131792368
145500574 145700379
193798029 193991484
240838608 241049088
428292226 428499438
334336034 334454085
365463560 365710350
387298927 387419268
401069906 401274087
233292568 233519611
408486490 408723128
384849707 385038187
394981662 395101484
389387635 389606451
374148425 374385032
429316643 429445879
300799563 300999866
269913239 270055650
381573178 381760151
310328602 310550309
287249730 287368747
358198266 358397546
273297700 273512744
309118964 309335216
264883132 258969867
393708808 393926667
267473007 267688458
298433892 298589205
306054335 306204006
152628167 152844642
261465721 261641822
318938580 319155347
504449283 504683301
370630940 370820254
270556086 270772550
226044299 226153300
148100016 148219622
78421169 78540933
1017693 63133154
81887151 82014444
94520189 143644683
106538125 106667524
129559387 129685705
198548490 198690522
364369317 364469984
1727619 139637572
173750988 173943808
185170463 185299517
75208968 75375603
212684265 212801057
79935161 80046222
335749041 335851111
378443588 378538994
365437702 365555565
275787718 275913247
208822287 208959075